33 30 50
33 30 50
33 30 51
35 30 51
34 30 50
34 30 51
35 30 52
35 30 52
34 30 52
35 30 52
33 30 51
34 30 51
34 30 51
35 30 52
35 30 52
34 30 51
35 30 52
35 30 52
34 30 52
35 30 52
36 30 52
35 31 53
36 30 52
36 30 53
36 31 53
37 30 55
36 31 54
36 30 54
36 30 52
38 31 53
35 31 53
36 31 53
37 31 52
39 33 52
39 33 52
39 34 51
36 35 52
36 36 52
34 35 52
34 36 53
34 37 52
33 36 50
32 38 51
31 37 51
32 37 52
30 36 53
31 38 52
30 40 52
31 38 53
31 36 53
31 39 53
33 37 53
33 41 53
33 40 51
34 38 51
34 37 51
34 37 51
33 40 51
31 39 52
31 41 52
31 40 52
31 41 52
30 38 52
32 40 51
29 42 51
28 41 52
28 41 52
27 42 49
25 40 52
27 43 54
26 43 53
27 39 54
28 41 54
30 44 53
32 44 53
34 42 52
35 40 51
36 39 52
36 37 51
38 36 49
38 36 49
38 38 50
40 38 51
39 37 50
40 34 52
42 35 51
42 33 50
41 33 50
42 33 51
42 32 49
42 34 49
41 33 48
42 33 50
42 34 49
42 33 50
43 32 50
42 32 49
44 33 49
43 33 50
42 32 49
43 32 51
42 34 50
42 34 50
43 33 51
42 31 50
42 32 50
43 33 51
44 32 51
43 31 51
44 33 50
44 32 50
44 29 50
43 30 50
43 33 50
43 31 49
44 31 50
42 29 50
43 31 49
44 31 50
43 31 49
43 29 50
43 29 50
44 31 50
43 32 50
44 30 50
43 30 50
44 30 50
42 29 49
43 31 50
43 30 50
44 28 50
44 30 49
44 29 49
43 29 49
44 30 49
44 28 49
44 28 49
44 29 50
44 29 51
44 29 49
44 29 50
43 29 50
43 30 48
43 29 49
43 29 50
44 29 49
43 29 49
43 29 49
43 30 49
43 30 49
44 28 49
45 28 50
43 28 49
44 29 49
43 29 50
43 28 49
43 30 48
44 28 48
44 28 49
44 29 49
44 29 49
44 29 49
43 27 49
44 28 50
44 28 49
43 28 50
44 29 49
43 29 49
43 29 49
45 29 49
43 28 49
45 28 49
45 28 49
44 29 49
44 28 49
44 28 49
44 29 49
43 30 49
44 28 50
43 27 50
44 29 49
44 29 49
43 29 49
44 30 50
44 29 49
44 29 50
44 28 49
45 29 49
44 29 49
43 28 49
43 27 49
43 27 49
45 29 49
43 28 50
43 29 49
43 29 49
44 27 49
44 29 49
44 28 49
43 29 49
44 29 49
44 28 49
44 29 49
43 29 49
43 28 48
45 29 48
44 29 49
44 29 49
44 29 50
44 29 48
45 29 50
44 29 48
45 28 48
44 28 48
45 30 50
44 28 49
44 29 48
45 29 49
45 29 48
44 30 50
44 29 49
44 28 50
43 28 49
44 29 49
43 29 50
44 28 49
44 28 48
43 29 49
45 30 49
45 28 49
45 28 49
44 29 49
44 28 49
43 29 48
43 30 49
43 28 49
44 29 50
44 29 50
43 30 49
42 30 49
42 31 50
43 31 49
43 31 50
43 33 51
42 31 51
42 33 50
41 34 51
42 33 50
41 32 50
41 34 50
40 35 49
41 34 50
41 35 51
40 35 50
39 36 50
41 34 51
41 36 51
40 36 52
40 36 52
40 37 51
41 37 52
42 36 51
41 36 51
40 36 51
40 34 52
40 35 51
41 34 52
40 36 52
40 37 51
41 37 51