41 47 26
44 48 30
43 50 34
40 50 36
42 45 38
43 48 42
45 48 43
44 47 44
45 47 43
44 44 43
41 47 43
38 45 46
39 44 48
39 45 49
43 48 48
42 48 47
38 48 45
39 47 44
41 47 45
43 45 45
46 45 45
42 43 45
38 44 43
37 49 46
40 49 44
41 50 42
43 48 43
38 48 45
38 48 46
37 50 42
43 56 37
44 55 34
46 52 34
45 46 35
48 44 41
45 48 40
46 49 38
46 49 35
46 48 39
47 45 39
44 44 37
42 49 42
41 48 53
47 45 42
46 49 37
45 48 37
45 46 40
43 48 41
33 51 50
32 62 62
40 48 41
35 53 44
30 47 47
26 55 45
28 56 44
30 51 42
30 49 43
32 43 43
30 42 43
27 46 42
25 46 43
19 43 48
18 37 47
14 35 48
19 44 48
25 46 50
22 45 44
16 47 39
11 43 36
09 39 34
12 37 38
13 38 37
11 38 36
08 40 34
01 41 34
02 41 33
02 32 31
06 33 30
13 31 31
15 31 33
18 36 35
20 38 35
21 36 37
21 34 38
18 36 38
15 37 35
15 35 34
13 35 34
13 34 32
14 35 32
15 35 32
16 37 33
16 40 33
16 38 31
12 38 32
12 36 32
11 37 34
11 39 35
09 39 34
10 39 36
08 38 35
12 37 37
13 37 35
13 38 37
13 39 37
15 36 38
14 36 38
15 37 37
14 37 36
13 36 36
13 37 36
11 35 37
10 37 38
10 37 39
13 38 37
13 37 36
13 37 35
13 36 34
10 37 33
11 35 33
12 38 33
13 37 33
11 37 33
12 36 33
12 37 34
12 36 33
12 36 33
13 36 34
13 35 34
13 37 33
12 37 34
11 36 34
12 37 34
12 37 35
13 36 34
13 36 34
11 36 34
13 36 34
13 36 34
13 37 35
13 36 34
13 36 35
12 36 34
11 37 35
12 36 34
12 36 33
12 36 34
13 37 35
12 37 33
12 36 34
12 37 33
12 35 34
12 36 34
12 36 34
12 36 34
13 36 34
13 35 34
12 36 33
11 38 34
12 36 35
11 36 35
12 36 34
12 37 34
12 36 34
12 36 33
11 37 34
11 35 35
12 37 34
13 37 34
12 36 33
13 38 35
12 36 35
12 37 34
12 37 35
11 35 34
12 37 34
13 37 35
13 36 34
12 36 34
13 35 34
13 37 34
11 37 34
12 36 35
12 36 35
11 36 34
12 36 34
12 36 34
12 36 34
12 36 35
12 36 33
11 36 34
12 36 34
13 36 35
12 36 34
11 36 35
11 37 34
12 36 34
13 37 33
12 35 34
13 36 34
13 37 33
11 37 34
12 36 34
12 37 35
12 36 34
11 36 33
12 35 34
11 36 35
11 37 34
12 37 34
12 35 34
12 37 34
13 35 35
13 37 34
12 36 34
12 36 34
12 37 34
12 36 34
13 35 34
12 36 33
13 36 34
12 36 35
12 37 34
12 37 34
12 37 34
13 36 34
13 36 35
13 37 34
12 36 34
13 36 34
12 37 34
11 37 33
13 36 34
13 36 33
13 35 34
12 36 34
12 37 34
13 36 34
12 37 34
12 36 34
12 36 35
11 35 34
12 35 34
13 35 35
12 38 34
13 36 34
12 36 35
13 36 35
12 38 34
13 36 35
12 38 35
12 36 36
12 36 35
13 37 35
12 37 34
12 37 34
12 37 34
11 36 34
13 36 33
12 37 33