35 38 53
35 37 52
35 38 53
35 36 53
33 37 52
35 39 53
35 39 53
34 38 52
35 37 52
33 37 52
35 37 53
34 36 53
34 37 53
33 36 54
32 36 54
31 35 55
30 34 50
29 37 53
31 36 55
30 37 53
30 37 50
27 35 54
22 31 57
25 26 50
28 26 48
31 28 48
33 28 46
37 30 48
32 39 53
27 36 50
31 35 51
31 29 50
33 35 50
30 41 53
25 46 59
22 41 56
26 40 50
29 45 52
28 47 52
28 48 50
27 45 47
27 46 46
30 47 45
25 47 46
23 46 48
27 44 47
28 43 48
29 42 47
28 45 49
28 45 52
28 43 52
28 40 53
30 38 51
28 38 50
27 41 50
27 41 48
28 41 49
28 40 48
26 39 50
27 39 51
27 40 54
28 41 52
28 42 51
28 42 52
27 42 51
28 43 49
28 42 50
28 44 49
29 41 50
29 42 50
29 40 51
30 39 54
31 44 51
32 44 53
31 41 50
32 41 52
34 41 50
31 39 53
32 41 53
34 37 51
32 41 53
34 40 49
32 40 51
30 39 53
32 38 50
32 39 51
31 38 52
32 35 54
31 38 53
32 39 51
32 40 53
30 40 52
30 38 53
31 37 54
30 37 52
30 37 55
28 37 53
28 33 51
26 34 51
23 38 54
26 39 50
22 37 50
23 39 47
19 43 48
16 42 46
18 40 43
18 35 39
23 35 37
23 36 40
20 36 42
17 39 47
19 44 48
20 47 47
21 47 50
19 46 52
24 46 50
26 44 52
25 40 53
26 41 53
24 41 52
26 45 53
21 49 52
20 45 55
15 47 58
13 41 49
21 42 51
29 43 48
31 43 49
36 47 51
42 38 50
44 40 51
43 46 52
37 45 50
34 50 51
33 50 51
31 47 56
26 49 58
19 47 52
12 45 46
12 45 42
14 38 39
14 36 36
15 34 37
15 33 34
14 32 34
11 29 36
13 28 38
07 28 38
03 33 41
05 27 43
08 25 39
11 27 37
13 31 39
16 34 39
17 32 41
19 30 40
21 29 36
22 28 34
25 26 32
26 21 27
25 23 33
30 18 38
36 25 42
36 60 47
37 63 63
24 59 63
20 28 63
29 43 59
28 43 53
25 43 48
18 48 45
08 53 41
05 55 45
06 38 35
06 20 34
11 20 31
13 25 27
13 17 30
16 18 30
16 18 31
17 16 34
20 19 40
17 17 38
16 19 40
21 28 41
17 18 42
13 19 40
08 11 30
00 10 28
00 16 31
03 19 29
07 22 31
12 27 23
21 27 35
30 27 42
29 41 56
06 55 59
08 59 59
07 47 50
18 57 55
19 36 59
23 26 61
22 31 61
24 19 59
26 17 53
26 20 50
29 18 48
25 19 50
24 19 47
29 18 48
27 19 46
29 16 43
30 16 46
29 18 45
28 21 46
24 20 46
23 17 45
24 19 43
25 18 42
24 17 44
21 18 43
20 15 43
22 18 43
23 19 44
26 19 45
29 19 48
28 18 49
29 18 47
29 20 49
31 18 49
31 19 49
31 20 49
30 21 49
31 20 47
31 21 48
32 21 49
32 21 49
32 22 49
30 24 51
32 23 51
32 21 52
34 20 50
37 20 49
36 22 50
37 20 50
36 21 51
36 21 50
35 22 52
35 24 51
36 23 52
35 24 51
34 24 51
33 22 51
29 22 50
27 22 51
27 19 50
28 18 50
28 18 48
31 16 46
35 17 46