40 20 46
37 19 47
37 17 47
37 16 48
35 13 49
34 13 46
33 12 46
32 13 47
32 12 45
33 12 49
31 12 50
32 15 51
33 17 50
34 16 47
36 16 47
37 18 45
37 21 43
38 21 42
39 21 41
39 21 44
38 22 44
38 21 44
37 23 45
37 22 45
36 25 43
36 25 46
34 26 49
32 24 52
30 26 54
28 23 54
28 25 53
28 25 51
27 28 51
30 24 49
30 24 48
29 26 50
28 27 50
28 26 50
30 25 52
30 26 53
31 25 51
30 25 53
30 27 55
29 28 55
29 28 55
27 30 54
24 31 52
23 30 53
23 31 52
22 30 51
21 30 50
22 29 48
21 30 50
21 29 51
24 29 52
21 29 56
23 25 56
23 25 52
25 32 51
24 35 50
25 34 51
25 32 52
22 32 51
21 33 52
21 33 52
21 35 53
21 34 52
22 32 49
23 32 49
23 33 50
25 34 49
27 34 49
28 33 49
26 33 50
26 32 51
25 33 52
26 35 54
26 32 54
28 32 53
27 33 51
26 35 51
26 34 52
24 33 51
25 32 51
25 33 51
23 34 51
24 33 51
25 34 50
23 33 51
24 32 50
25 33 51
24 33 51
25 32 51
25 33 51
25 33 52
25 32 51
25 34 51
24 34 51
26 35 51
26 36 51
25 36 51
24 35 51
25 32 51
24 33 52
24 35 51
24 36 51
24 35 51
23 35 52
24 36 50
24 36 51
23 35 50
22 35 50
22 35 51
22 34 50
22 33 50
22 36 50
22 35 50
23 35 51
24 36 50
22 36 49
22 34 49
22 33 49
20 34 50
19 35 50
21 34 48
21 34 50
22 34 50
21 34 48
21 35 51
19 36 49
18 34 46
16 36 46
18 37 46
18 35 45
16 36 44
15 36 41
13 35 41
15 37 44
14 33 41
14 35 40
13 36 38
12 35 36
13 34 35
13 36 36
12 34 33
13 35 32
13 32 32
11 36 30
11 34 31
12 34 29
11 35 29
11 30 28
11 36 28
10 32 31
12 34 29
14 34 26
13 33 27
12 35 26
12 35 26
10 34 27
07 30 28
07 28 26
04 28 24
09 28 20
07 27 21
10 25 21
12 27 23
12 28 25
14 31 25
14 29 26
11 25 26
15 30 27
13 30 27
14 29 29
15 30 29
15 30 30
16 32 31
15 31 30
15 32 31
15 32 32
14 33 32
13 32 33
14 34 33
12 34 34
12 35 35
11 35 33
12 36 35
13 35 33
13 34 32
12 36 33
12 38 33
11 37 32
14 38 32
12 38 33
11 37 34
13 39 34
12 38 33
13 39 35
14 38 34
13 38 34
14 39 34
14 38 33
13 38 33
14 38 32
13 38 32
14 39 33
12 39 35
14 39 35
14 40 35
12 40 36
11 39 36
12 39 35
11 39 36
12 38 37
11 39 35
12 39 36
11 38 36
12 37 35
12 37 35
13 37 35
11 37 35
13 36 35
12 37 36
13 37 35
12 37 34
13 38 34
14 38 35
14 39 35
13 39 35
12 38 35
14 39 35
13 38 35
13 39 34
13 39 36
13 39 35
13 37 35
13 39 35
13 39 35
12 38 34
12 39 35
11 39 34
12 39 36
12 38 35
14 37 35
13 37 35
13 38 35
12 39 35
12 38 35
12 38 35
12 39 34
13 38 36
11 39 35
13 40 35
12 38 35
12 40 35
13 39 35
12 37 34
12 38 34
12 39 34
13 38 34