14 38 35
09 39 34
03 40 33
04 37 31
12 37 33
13 38 32
12 38 32
12 38 31
11 36 29
14 36 29
15 37 30
15 35 30
13 36 30
13 37 30
13 36 31
12 36 31
13 36 31
12 38 32
10 37 31
10 37 32
06 38 30
04 37 32
10 40 35
13 40 34
15 37 33
15 35 31
13 36 31
10 38 33
11 39 33
12 38 33
13 35 33
14 36 32
13 35 32
15 35 32
15 35 34
13 36 32
16 35 33
15 36 33
11 35 32
07 38 31
06 38 31
11 36 32
11 36 31
11 38 31
10 38 31
11 36 30
14 36 30
16 39 31
14 38 31
13 38 30
14 37 30
11 37 30
11 37 29
10 37 31
10 37 31
10 36 30
07 33 29
10 36 31
12 35 31
13 33 31
12 31 29
13 30 29
12 31 30
14 34 33
11 34 35
12 37 35
13 38 34
14 39 34
13 40 34
11 41 35
12 41 35
12 41 34
12 40 35
13 39 33
07 42 32
08 38 30
13 36 30
16 38 31
13 38 30
11 35 30
12 30 30
13 34 29
14 34 30
14 34 30
14 35 31
12 36 30
10 35 30
09 37 31
08 36 32
06 36 32
07 41 34
09 41 36
12 41 37
16 37 34
13 35 33
11 37 34
11 38 35
10 37 35
11 38 36
12 36 36
14 37 34
14 35 34
16 33 35
16 34 35
15 36 35
15 36 34
15 36 34
13 36 35
03 41 34
04 40 33
12 37 34
12 40 34
12 41 32
11 39 32
13 39 30
14 38 30
14 39 31
14 40 31
14 38 31
13 38 31
13 37 30
13 36 30
12 36 32
12 35 31
12 36 31
10 35 31
06 35 31
10 37 32
12 36 32
13 36 30
13 36 31
13 33 31
12 34 32
12 36 33
13 35 34
13 35 32
14 35 32
16 37 34
14 37 35
14 38 35
13 39 36
13 38 35
13 37 34
09 37 33
04 39 32
06 38 33
12 36 33
12 36 33
12 36 32
12 37 31
11 35 28
12 34 29
13 33 29
13 35 29
14 36 31
15 35 30
15 35 30
14 33 31
13 34 31
13 34 30
10 38 31
09 38 31
07 37 32
04 36 31
08 40 34
12 41 36
15 38 33
16 35 30
14 36 32
13 36 32