07 41 34
04 42 33
06 40 32
10 41 32
14 41 32
13 39 32
12 39 30
13 39 30
14 39 29
16 40 30
16 41 32
17 43 31
15 41 30
16 43 31
16 42 31
16 40 31
15 41 30
15 40 30
16 40 31
13 41 31
10 41 33
10 40 33
13 38 33
14 37 34
12 37 36
10 40 36
12 37 36
12 39 36
16 40 36
14 41 36
16 42 34
14 40 36
14 40 36
14 41 34
14 40 36
13 41 35
13 40 37
14 40 36
13 40 36
11 40 34
05 41 35
05 39 33
10 40 33
14 40 32
13 38 32
14 40 31
12 40 31
12 39 29
14 41 30
15 41 30
16 40 30
14 41 30
16 40 31
16 39 31
15 39 30
15 38 31
14 39 32
12 40 32
13 39 32
13 39 34
10 41 33
08 40 33
08 39 35
13 40 35
13 41 35
14 39 35
12 40 34
12 39 35
12 39 34
14 38 33
16 38 33
15 40 33
13 38 34
14 37 33
15 37 34
12 37 34
14 38 34
13 37 35
13 39 37
13 40 35
11 42 34
08 42 34
09 44 34
11 43 34
12 44 33
13 42 34
11 41 32
10 39 31
12 41 31
14 41 30
16 39 31
18 39 31
16 39 30
17 40 31
15 40 32
15 40 31
14 40 32
15 41 32
15 40 32
14 41 32
13 40 33
11 40 34
07 41 34
05 40 35
10 40 36
14 42 37
14 39 34
11 40 34
10 38 34
12 39 34
15 39 34
15 39 34
16 38 34
14 37 35
14 34 35
14 37 35
13 38 35
13 38 35
13 39 36
12 39 38
13 39 36
09 41 35
07 42 36
08 41 35
10 39 34
13 39 32
12 40 32
11 39 31
10 39 30
13 39 30
15 40 30
16 39 30
16 40 32
17 41 32
15 40 31
16 41 32
16 43 31
14 43 33
14 40 33
13 38 33
14 40 35
13 41 35
12 40 34
08 39 33
09 40 34
13 42 36
15 40 36
12 39 37
13 40 35
12 38 36
12 41 36
14 39 36
14 38 35
14 39 37
13 37 36
14 37 36
12 35 35
12 36 35
13 36 34
13 38 34
14 36 34
14 38 34
14 37 34
15 37 34
13 39 35
11 39 34
06 41 35
07 40 36
09 41 35
12 40 35