12 42 35
10 43 35
07 42 34
05 43 35
07 45 36
14 39 35
11 38 37
11 42 32
10 39 32
10 41 31
12 40 32
13 40 33
14 42 32
16 41 32
17 39 32
18 40 32
18 38 32
20 36 32
19 39 33
16 40 33
11 42 33
07 41 32
04 43 33
06 41 34
12 40 35
14 41 37
14 39 35
11 40 33
15 38 34
17 39 35
19 39 34
18 40 35
17 40 35
17 41 34
15 42 34
15 42 34
14 39 34
13 41 34
11 39 34
08 40 35
05 43 33
03 46 35
09 46 35
15 38 34
13 36 32
12 39 29
10 38 29
13 39 31
15 41 32
15 40 32
15 40 31
17 40 33
17 40 32
17 39 33
17 40 32
15 40 32
13 38 32
11 40 33
09 39 31
05 42 31
05 42 31
10 39 32
17 38 32
13 40 33
15 40 33
15 40 32
15 39 33
17 40 34
19 39 36
18 42 36
18 44 35
16 44 35
16 42 35
16 43 34
13 41 34
12 43 34
11 41 32
10 44 32
06 43 33
05 38 35
09 38 35
14 33 32
10 36 31
13 40 28
12 37 29
12 38 29
12 39 30
14 40 30
15 39 29
15 38 31
15 39 32
16 39 32
15 38 32
15 39 32
14 39 31
11 40 29
09 40 29
07 41 27
03 42 27
09 41 30
19 37 31
15 38 33
12 36 32
12 33 29
14 33 33
14 36 34
15 38 36
16 40 35
16 41 34
16 40 33
17 39 32
17 39 32
13 40 33
12 40 32
11 41 33
10 40 33
07 42 31
04 42 31
10 38 33
15 35 35
08 31 35
10 37 27
12 33 30
12 37 32
12 38 30
15 41 30
15 38 31
16 39 32
18 39 31
18 39 32
18 38 33
17 41 32
14 42 32
11 41 33
08 40 33
06 42 33
02 43 31
09 40 34
15 40 36
14 40 37
10 39 33
13 37 30
15 38 32
17 38 32
17 40 33
17 41 33
15 42 34
16 41 34
15 41 34
16 43 33
16 42 34
14 41 34
14 41 34
11 42 34
11 42 34
07 43 34
06 46 35
11 42 34
13 41 32
14 40 30
13 38 30
12 39 30
13 41 31
14 40 30
15 41 28
14 40 28
15 41 29
15 40 30
16 40 30
17 39 31