13 38 40
08 40 37
05 38 36
04 40 37
09 39 38
14 39 35
10 39 34
10 37 33
11 38 32
14 39 32
15 41 32
14 39 32
15 40 32
16 40 32
17 41 34
19 42 35
20 42 34
19 42 34
19 43 34
16 42 34
15 42 35
12 42 34
08 44 36
05 47 38
12 46 41
14 47 37
13 47 35
14 43 34
16 45 38
18 46 37
20 46 37
18 47 37
18 44 37
18 44 36
19 44 38
18 44 39
18 44 39
16 45 40
15 46 40
17 46 40
16 44 39
13 45 38
12 47 39
11 47 39
13 44 36
11 44 36
12 41 36
16 39 36
17 39 36
18 40 37
16 39 37
17 38 37
17 39 38
18 39 37
19 38 37
17 38 37
17 39 37
14 38 35
13 39 34
12 40 34
08 39 35
04 40 35
08 39 37
09 39 37
08 38 35
09 36 35
12 36 35
14 36 34
16 37 35
17 38 35
18 39 35
17 38 36
18 39 36
17 39 38
15 38 39
12 40 41
09 40 43
03 41 44
06 35 43
05 34 41
04 33 41
10 33 40
12 34 37
08 33 35
06 36 35
07 35 33
10 35 33
13 36 33
14 36 32
16 37 34
16 38 34
17 38 34
18 37 33
18 36 33
18 38 34
15 37 34
13 39 34
12 40 34
06 40 34
06 39 35
12 38 35
12 39 36
09 37 36
07 39 35
13 38 37
13 37 36
16 38 35
16 38 35
17 38 38
15 38 38
16 39 37
15 39 40
15 39 39
10 40 40
08 40 41
10 37 40
05 37 36
04 39 38
06 38 37
11 38 34
11 38 33
09 37 32
07 36 31
10 35 31
12 35 32
13 35 31
15 36 31
14 36 31
15 37 31
17 38 31
17 37 32
18 38 33
15 37 32
12 38 33
13 37 34
10 38 34
08 38 34
09 39 35
14 37 37
13 37 36
09 36 35
09 35 36
12 36 36
12 37 36
14 38 35
15 37 35
14 38 37
14 39 36
15 37 37
13 38 39
12 39 40
11 38 41
10 41 41
10 39 41
06 35 39
06 36 40
05 36 38
11 35 36
10 35 35
08 36 33
08 34 34
11 35 32
12 37 31
13 37 31
15 36 33
16 37 32
17 38 34
17 38 32
17 37 33
18 37 33