13 40 33
11 39 34
09 42 33
03 42 33
04 44 35
12 41 36
16 39 36
10 39 34
09 38 34
09 39 33
13 39 34
15 41 34
17 41 35
17 40 35
18 41 34
17 39 36
17 39 35
16 39 37
16 40 36
16 39 36
16 40 36
13 41 35
07 40 35
02 42 35
04 43 35
09 43 35
15 40 34
17 39 34
13 40 33
09 40 32
09 39 31
12 38 30
13 38 31
13 37 30
12 39 31
12 39 30
12 41 30
11 41 30
11 44 32
11 47 34
12 48 35
15 49 35
17 47 34
19 47 35
22 45 36
23 45 34
26 45 34
25 45 35
26 44 35
24 43 36
22 45 34
20 43 33
20 44 34
15 44 35
15 43 34
15 44 35
15 44 36
15 44 35
13 44 34
11 44 33
10 44 34
09 45 33
10 45 33
12 43 34
11 44 33
13 43 33
13 42 32
12 42 33
11 42 34
13 42 34
13 40 34
12 40 34
12 40 34
13 41 34
11 41 34
13 41 36
11 40 37
09 40 38
11 39 36
13 37 35
13 38 34
11 39 33
12 38 34
14 39 32
11 38 31
09 39 30
10 39 32
13 39 31
14 39 31
15 39 32
16 40 32
16 40 32
15 39 32
14 40 32
12 40 32
13 42 32
12 41 33
13 42 34
15 41 34
15 40 35
16 42 34
16 40 35
15 41 34
14 41 34
11 42 33
11 42 33
11 40 32
07 40 30
02 41 30
10 39 32
20 40 34
16 41 33
13 40 32
16 36 33
15 38 31
18 37 32
15 39 32
13 40 33
13 41 33
13 38 34
14 38 34
14 40 34
14 39 35
13 37 34
12 37 33
09 38 31
08 39 32
08 40 31
03 42 29
00 41 30
08 41 32
17 41 33
16 38 32
11 39 31
09 38 28
12 36 28
12 37 26
13 36 28
14 35 28
15 36 27
14 36 27
13 36 26
15 36 28
14 36 28
15 38 29
12 38 30
12 37 32
10 37 32
13 39 36
15 37 37
11 39 36
08 38 34
11 36 34
12 36 35
16 36 35
13 38 35
14 39 35
13 38 35
14 37 36
13 38 37
14 40 35
14 41 36
12 40 35
11 42 34
12 44 33
12 45 33
12 44 32
11 45 34
12 48 31
12 50 29