12 39 30
13 39 30
13 38 30
14 40 31
13 41 31
14 40 32
14 41 32
13 41 34
14 41 34
14 41 34
14 41 35
13 41 34
12 42 33
13 43 33
13 42 33
14 42 33
14 41 33
15 42 33
14 42 33
14 41 35
14 43 35
13 41 35
13 40 35
13 40 36
13 38 37
11 37 38
13 38 38
14 38 36
14 40 38
14 42 36
14 42 36
13 40 37
14 42 38
14 43 37
14 43 37
14 40 38
14 41 36
13 41 36
15 41 36
12 40 35
13 40 35
14 40 35
13 40 36
13 42 34
13 41 35
14 41 35
15 41 35
16 42 37
16 42 36
15 43 35
14 42 35
14 43 36
13 43 35
13 44 35
14 44 35
14 43 35
15 43 34
14 43 35
13 42 35
15 43 34
15 43 35
14 42 34
15 42 36
16 43 35
16 43 35
16 43 36
16 44 35
15 43 36
16 44 37
14 45 35
16 45 36
15 43 36
14 44 35
13 42 35
12 42 35
13 44 36
15 40 36
15 39 35
15 41 36
14 39 36
15 40 36
14 38 36
13 38 34
14 39 36
14 38 36
14 38 34
14 38 35
14 39 35
13 38 35
14 37 34
13 38 33
11 38 34
13 40 34
13 41 34
13 41 33
13 41 35
12 43 34
13 43 34
13 41 34
13 42 33
12 40 33
14 41 33
13 41 32
13 41 32
13 42 32
14 42 32
12 43 32
14 40 33
13 40 32
13 42 33
11 42 34
12 41 33
12 41 34
12 42 34
14 40 34
13 40 35
15 41 34
14 40 34
14 40 35
14 40 35
14 39 35
14 39 36
14 38 34
15 38 35
15 39 35
15 39 35
14 39 36
14 40 37
14 39 36
14 41 37
13 42 37
14 39 39
14 40 38
13 40 37
13 42 36
12 40 36
13 42 37
13 41 36
13 42 36
14 42 36
14 41 36
14 40 36
12 39 36
14 39 37
12 40 36
12 39 36
14 37 37
14 39 37
13 39 36
14 40 36
13 39 37
14 40 36
13 41 37
14 42 37
14 40 37
14 40 37
15 40 37
13 39 36
13 41 37
14 39 36
14 39 36
13 39 36
14 39 36
14 39 36
13 40 37
13 40 36
12 41 37
14 39 37
13 39 36
12 40 36