12 36 34
07 37 32
02 43 33
07 40 33
11 37 32
12 37 32
10 37 32
10 37 32
13 37 31
15 37 32
17 38 31
15 38 32
14 36 31
12 35 31
12 35 31
12 37 31
11 38 33
12 36 31
11 38 31
11 37 31
11 38 33
10 40 33
12 38 34
12 38 35
12 38 34
11 38 33
13 38 34
13 36 35
13 35 36
13 36 35
14 38 36
13 39 34
14 37 33
13 37 34
15 38 35
15 38 34
13 37 33
12 37 35
13 39 34
11 39 33
11 39 35
11 38 33
12 38 32
15 37 32
12 38 32
12 39 31
12 37 31
12 36 31
13 37 31
13 38 31
14 38 32
11 38 32
11 36 33
10 37 31
11 36 34
13 36 33
14 36 34
13 38 34
14 37 34
13 36 33
12 36 35
11 37 35
11 36 34
11 37 34
12 37 34
12 37 36
13 36 35
13 37 35
12 38 36
13 38 36
13 38 36
13 36 35
13 36 36
12 35 35
12 36 35
12 37 35
10 36 34
11 37 34
12 38 34
12 37 33
12 36 34
12 37 34
12 36 34
12 37 33
13 38 34
12 37 33
13 37 33
12 37 33
13 38 33
13 38 33
13 36 33
13 38 34
13 38 33
12 37 34
12 38 34
13 37 34
12 37 34
12 38 33
11 37 33
12 38 32
12 38 33
12 36 33
12 37 33
12 37 34
11 37 33
12 38 34
13 36 34
12 36 33
11 36 33
11 36 33
12 37 34
12 36 34
12 35 33
14 37 33
12 38 33
12 37 34
12 38 34
12 37 34
13 37 34
12 38 34
12 38 34
12 38 34
13 37 34
12 38 33
12 38 33
12 37 34
13 36 33
12 37 33
12 37 32
12 37 33
12 37 34
13 38 33
11 35 33
12 37 33
12 37 34
11 37 33
12 36 33
12 37 33
12 38 32
13 36 33
13 36 34
12 37 33
12 38 34
13 36 33
12 38 34
12 37 34
12 37 33
14 36 33
13 38 32
13 38 33
13 36 34
10 36 34
14 37 34
13 38 34
12 38 34
12 37 34
13 36 34
13 36 34
13 37 33
13 37 34
12 37 33
13 38 34
12 37 33
13 36 34
12 36 34
11 39 34
13 37 35
13 38 34
12 37 34
12 38 34