04 43 33
05 41 32
10 43 32
14 41 32
14 39 31
14 39 29
12 39 30
13 40 28
16 41 29
17 39 28
15 42 27
16 40 29
16 39 29
16 39 29
13 39 29
14 40 29
13 38 30
12 38 30
12 39 30
11 40 32
12 40 31
09 39 32
06 38 33
08 40 33
16 41 34
16 39 33
14 39 33
12 36 31
12 38 31
15 39 32
16 40 32
15 40 33
15 37 32
14 40 34
13 36 34
14 39 33
14 38 34
14 39 34
13 38 34
12 38 33
11 40 32
06 40 32
07 41 31
10 42 30
13 42 31
12 41 30
10 40 29
09 37 30
13 38 29
17 36 29
16 37 30
17 40 29
18 39 30
17 38 30
16 37 30
15 39 30
13 40 30
12 39 30
11 39 31
10 40 31
10 40 32
06 39 32
09 40 32
13 40 33
15 39 32
13 37 33
12 38 33
11 37 33
13 38 32
16 38 33
16 37 34
14 38 35
15 37 33
13 38 33
13 38 35
13 40 35
14 39 34
15 40 35
14 40 34
12 42 34
09 42 32
06 42 32
05 42 32
08 43 33
14 40 33
13 40 32
13 38 30
13 37 28
13 38 28
14 39 29
15 40 30
17 40 30
16 38 30
15 37 30
14 39 30
13 38 31
14 39 31
12 40 31
12 39 31
12 40 32
08 41 32
07 41 34
10 39 34
14 38 35
14 36 34
14 36 34
12 37 32
13 38 33
15 38 33
15 39 34
15 38 34
13 36 34
13 38 35
14 37 34
14 39 34
14 39 35
14 39 34
13 40 34
10 40 34
08 41 34
04 39 32
08 41 32
12 40 34
14 36 31
14 36 30
12 36 28
13 37 29
15 40 28
15 40 29
15 41 31
16 39 31
15 38 32
14 38 32
14 40 32
12 40 31
13 39 30
12 39 31
09 39 31
06 38 32
11 37 32
13 36 33
13 36 33
11 35 33
08 37 32
12 38 33
14 37 34
16 37 35
16 37 36
16 37 35
15 37 36
14 37 34
15 37 35
14 37 35
16 38 35
15 37 35
14 38 34
14 38 34
12 39 34
08 40 34
04 38 32
07 40 33
11 41 33
13 37 32
13 36 30
13 36 30
13 36 28
15 37 29
15 40 30
16 39 31
16 38 31