15 37 32
13 39 31
13 39 31
12 38 31
03 38 28
01 45 28
09 43 28
14 42 30
16 36 30
12 39 28
13 38 27
17 35 27
18 34 28
19 35 28
17 36 29
16 36 30
15 36 30
13 37 29
10 36 29
09 37 30
08 36 29
02 37 29
03 38 31
09 41 33
15 40 31
15 38 33
13 39 32
12 38 31
13 38 33
15 38 32
15 38 32
15 38 33
14 38 32
14 37 32
14 35 33
13 38 34
12 38 34
13 38 34
11 36 32
05 36 31
05 38 32
12 37 32
15 38 32
11 36 30
10 37 31
10 37 30
14 36 30
15 38 31
15 37 31
15 40 31
15 37 30
14 36 30
12 36 30
09 36 30
09 36 30
07 35 29
03 33 28
08 37 31
13 36 33
17 35 32
14 35 31
13 35 32
12 36 32
14 36 32
14 37 33
13 39 33
14 38 34
15 37 34
14 37 34
15 38 34
14 38 34
12 38 32
12 35 33
06 38 31
04 38 31
09 39 30
13 36 32
14 39 30
14 36 30
14 36 30
14 33 29
17 33 29
15 35 30
16 36 30
14 34 30
14 35 30
13 36 30
10 36 31
09 36 32
08 36 31
02 34 28
06 38 30
13 39 33
18 36 32
15 35 31
12 38 32
12 37 33
15 38 35
15 37 34
14 37 34
13 39 33
15 36 33
13 35 33
14 37 33
13 37 33
13 36 32
12 35 32
03 35 30
04 38 30
12 36 32
14 36 31
13 37 31
12 36 30
11 36 31
14 35 29
15 35 29
15 36 30
15 38 31
14 38 30
14 37 31
13 36 30
12 34 29
09 34 30
10 34 30
07 35 29
02 33 27
09 35 29
16 37 32
17 36 33
14 34 32
11 38 32
12 37 34
13 37 33
16 38 33
14 39 33
13 39 31
15 38 32
15 37 32
13 38 31
12 36 31
11 35 31
11 36 30
05 34 30
02 38 30
11 36 32
14 36 32
14 37 30
12 37 30
12 34 30
15 35 31
17 35 31
16 37 31
13 36 31
14 36 31
13 35 31
12 33 30
11 35 31
11 36 30
08 36 30
04 34 28
04 35 29
11 37 32
17 35 32
14 35 33
12 36 32
10 37 33
14 37 34
14 36 35
14 37 33
13 37 34