09 41 35
07 42 34
08 42 33
10 41 33
13 39 33
15 40 32
15 39 32
13 39 31
12 39 31
12 40 30
13 40 30
13 40 31
13 38 31
13 38 31
14 37 31
14 39 32
14 38 32
13 40 32
13 39 32
12 40 34
13 41 34
12 41 34
13 39 35
10 41 33
09 40 32
11 40 34
13 41 33
14 39 34
14 38 33
16 39 33
12 39 34
11 39 35
12 37 34
13 37 35
14 36 35
15 36 34
16 37 35
14 38 36
13 37 35
13 37 35
12 38 35
14 38 36
14 37 36
14 39 35
12 40 35
09 40 34
06 40 33
08 41 33
10 41 34
14 39 33
14 38 32
14 38 32
12 38 30
11 38 29
11 39 31
13 38 31
16 39 30
16 39 32
15 39 32
14 37 32
14 40 32
13 39 32
12 39 32
12 40 32
14 40 32
13 40 33
13 39 33
13 39 34
10 40 33
08 40 34
11 40 34
09 42 34
13 38 35
15 38 34
16 39 35
15 39 34
12 38 35
12 36 36
13 38 36
13 38 37
14 37 36
12 37 36
13 37 37
13 37 35
11 36 35
14 37 34
13 38 34
14 38 34
14 39 34
14 39 36
13 40 36
12 39 35
10 40 35
09 40 35
08 41 34
08 40 34
10 39 33
14 39 33
14 38 34
14 38 32
12 37 31
11 37 31
10 38 30
10 37 30
14 38 31
14 37 31
13 39 32
14 39 32
14 38 31
14 39 32
14 39 32
14 40 32
13 41 32
12 40 33
12 39 33
13 39 34
13 40 33
12 40 33
11 40 33
11 40 33
10 40 33
13 41 34
13 40 34
15 37 34
15 37 34
14 38 34
12 39 34
11 37 35
11 37 36
13 37 36
14 37 35
14 37 36
12 37 35
13 39 35
12 37 35
11 37 34
13 37 34
13 39 35
14 37 34
14 38 35
14 38 34
14 39 34
13 39 34
14 38 36
12 38 35
11 39 35
09 39 34
11 40 33
10 39 33
11 38 34
12 38 33
14 38 33
14 38 33
13 37 32
11 36 31
10 38 31
12 40 30
13 39 31
14 39 31
14 40 32
15 41 32
14 41 31
14 43 32
13 42 32
13 42 33
13 40 33
13 40 33
15 40 32
13 39 33
12 40 34