05 44 32
09 40 36
13 40 35
13 43 35
10 45 34
04 44 32
07 43 35
12 39 36
15 39 38
13 39 37
10 38 35
09 39 35
10 40 37
13 38 36
15 36 36
17 40 35
18 39 35
18 38 35
19 38 37
18 40 36
18 41 35
16 42 37
14 39 35
11 43 36
05 42 36
02 44 37
12 44 36
14 42 35
12 44 33
09 42 33
08 43 31
10 42 32
14 41 33
13 40 32
14 42 32
13 42 32
14 41 32
14 41 31
13 41 31
11 42 32
06 40 31
06 38 33
11 38 35
17 40 34
15 38 33
13 37 35
14 38 35
14 38 35
16 39 36
15 41 37
16 40 37
15 42 36
15 41 35
15 42 35
14 39 35
12 41 34
10 43 32
12 41 32
12 42 33
10 41 32
14 41 30
12 42 28
11 40 28
11 42 29
11 41 29
12 41 28
13 41 28
12 39 28
12 40 28
11 40 29
13 40 29
13 39 31
14 40 30
13 39 31
13 41 31
13 37 32
09 39 31
08 40 32
15 37 32
16 37 35
14 37 35
12 39 34
11 36 34
12 38 34
13 39 36
14 40 34
13 40 35
13 40 36
14 39 36
13 41 37
13 40 37
15 39 36
15 41 36
14 42 36
15 42 34
14 41 34
05 43 35
06 44 34
08 42 32
11 41 34
14 39 35
13 39 34
11 39 33
11 39 32
12 38 32
15 38 33
13 40 32
12 39 32
13 39 33
15 39 33
16 39 33
15 39 32
14 39 33
13 39 32
11 38 33
13 39 33
13 40 33
16 40 36
15 40 37
13 40 36
13 40 35
13 39 36
11 40 35
10 40 38
14 40 36
15 40 36
16 43 36
17 41 36
15 42 36
15 42 33
07 44 33
11 43 34
14 43 32
14 41 31
11 43 31
11 43 31
13 42 30
12 43 31
13 42 31
14 40 31
14 40 32
13 40 32
14 40 32
14 40 32
15 39 32
15 41 32
16 39 32
17 42 33
16 40 32
14 41 32
13 43 33
10 45 31
07 46 31
10 43 33
13 44 35
16 43 35
16 42 35
12 41 35
14 43 36
15 43 36
16 43 36
15 42 36
16 42 37
14 43 36
13 43 35
14 41 36
14 41 35
15 42 36
14 43 36
16 44 36