11 40 32
13 41 31
13 43 33
17 40 33
13 42 31
12 40 32
13 40 33
13 41 32
14 40 31
13 42 30
12 39 29
12 39 30
12 40 31
13 40 30
14 41 30
13 41 30
14 41 31
14 40 31
13 40 31
14 42 31
14 41 32
15 41 32
15 43 33
14 43 32
10 42 33
09 44 33
12 42 32
13 42 32
14 40 32
12 38 31
13 40 29
12 40 30
13 40 29
13 39 28
13 40 29
14 40 29
15 41 29
15 41 29
14 41 29
12 40 29
14 42 29
13 42 30
15 42 30
14 42 29
14 42 31
13 42 30
13 41 31
12 42 31
13 42 32
13 42 31
11 43 31
10 41 32
10 40 32
12 42 33
15 40 34
18 39 31
16 40 32
12 40 31
12 41 32
14 40 33
15 40 32
16 41 32
15 41 30
15 41 31
14 40 31
14 40 30
15 41 30
13 42 30
14 41 30
16 41 31
16 42 29
16 41 31
15 41 31
14 41 31
14 41 30
12 43 31
08 46 32
09 44 31
07 43 29
09 40 27
12 38 29
15 40 30
13 40 30
14 39 29
14 40 28
15 39 29
13 39 29
16 40 29
14 40 29
16 39 29
15 41 29
14 41 30
13 42 31
13 40 31
10 39 29
07 41 29
07 43 31
12 41 32
18 41 33
16 41 33
15 39 33
12 39 32
15 37 33
16 37 34
16 40 34
16 41 34
16 41 35
17 41 35
16 41 35
16 40 35
16 41 34
15 42 35
13 42 33
12 42 34
11 43 34
06 45 32
05 45 33
10 41 34
15 38 35
15 41 33
13 40 31
13 40 31
14 40 31
13 40 31
14 41 29
14 39 31
16 41 31
16 42 31
16 41 33
16 42 33
16 42 32
15 42 33
13 43 33
12 45 33
10 44 33
08 45 32
07 44 32
12 42 31
16 43 33
14 41 32
14 40 31
11 39 32
17 39 32
19 40 32
17 41 31
17 42 31
17 41 32
17 42 32
18 42 33
15 42 33
15 42 33
15 42 34
13 45 35
09 43 36
09 46 37
06 46 36
04 46 36
13 43 35
17 39 34
17 41 31
13 40 31
13 41 31
14 40 31
16 42 32
15 40 33
17 41 33
16 42 34
17 42 33
16 41 33
17 41 33