08 41 33
10 41 32
06 42 32
06 44 33
12 43 33
15 42 32
15 40 32
11 40 31
11 41 32
12 40 32
13 40 31
18 37 30
17 38 31
15 41 31
15 39 32
18 39 33
16 40 32
15 39 31
11 40 33
11 40 31
08 40 30
03 41 30
07 39 31
15 42 34
18 41 38
13 41 37
10 42 35
14 38 35
17 39 35
16 38 35
18 40 35
16 40 36
17 40 36
16 40 35
16 41 35
15 40 35
13 40 35
12 39 35
10 39 34
10 41 33
05 43 34
03 44 35
10 40 36
13 36 34
13 41 32
10 40 31
11 39 31
13 40 31
14 40 31
14 40 31
16 39 30
16 38 31
15 38 32
17 38 32
17 39 32
14 39 33
12 42 33
07 41 32
06 43 31
04 42 32
13 38 35
15 37 34
13 38 31
09 39 31
12 39 31
18 37 33
19 39 35
18 40 33
19 40 33
18 41 34
17 42 36
16 42 35
14 42 35
12 43 36
11 41 35
09 42 34
05 44 33
04 44 35
06 43 36
12 40 35
11 37 37
11 38 32
12 35 31
12 39 31
14 40 32
18 41 32
17 40 32
17 39 33
16 39 32
16 41 33
16 40 33
14 40 33
14 40 33
12 40 34
10 41 32
06 42 33
04 40 32
10 37 32
14 36 33
10 36 31
09 35 30
15 36 30
16 38 33
16 40 33
17 39 34
17 41 33
16 41 34
17 40 33
16 40 32
15 41 34
14 42 32
12 43 33
10 44 33
09 43 34
08 45 33
07 45 35
12 42 34
12 38 34
10 41 33
10 41 30
12 38 31
14 39 31
15 39 32
17 41 32
14 41 31
16 40 31
17 38 32
17 39 32
17 40 32
17 40 32
13 39 33
11 40 32
09 41 33
08 40 33
04 42 33
07 41 33
16 40 34
17 40 34
14 40 33
08 41 32
15 38 34
16 41 33
17 40 34
18 41 33
17 41 34
18 41 34
16 41 35
16 43 34
12 43 35
13 43 34
11 42 34
09 43 35
07 45 34
04 44 34
11 43 34
13 41 34
12 41 32
10 40 31
11 39 33
12 39 31
13 41 32
15 40 31
14 40 31
14 40 31
17 39 32
16 40 31
17 39 32
17 38 32
15 41 32
12 40 33