09 40 31
03 44 30
05 43 34
13 39 34
14 40 34
13 38 34
13 39 33
14 36 33
16 39 34
18 40 34
17 40 35
19 40 35
19 40 36
17 41 36
15 43 35
12 42 35
13 42 35
13 41 36
10 41 34
05 43 33
01 44 32
04 41 34
14 41 34
16 40 32
15 39 32
14 39 30
13 38 31
14 40 31
14 40 31
14 39 30
14 40 30
17 41 31
17 40 33
15 41 32
17 40 33
15 39 33
14 39 33
11 40 32
09 39 33
04 42 33
02 37 27
13 38 23
21 46 34
16 42 34
14 44 31
13 42 30
14 42 30
15 42 32
16 42 30
17 40 31
16 42 32
15 42 32
14 43 33
14 42 33
15 42 34
13 42 34
12 41 33
09 43 33
06 44 33
06 45 33
12 42 33
13 41 32
10 41 30
10 38 28
13 38 31
15 40 32
15 39 31
16 40 31
15 40 30
16 38 30
17 39 31
16 39 31
16 39 30
14 39 30
11 39 30
09 41 30
05 41 31
06 42 31
13 41 33
17 41 35
14 41 35
13 37 33
11 37 35
14 35 34
15 39 35
15 42 35
16 41 36
16 41 37
15 41 36
15 38 37
16 42 37
16 41 35
14 40 35
13 41 34
10 44 35
04 44 32
02 44 31
06 42 33
13 39 34
11 38 30
12 37 28
12 37 30
14 37 29
16 37 30
17 39 32
17 39 30
16 39 31
15 40 30
15 40 32
16 38 32
14 39 32
14 42 31
11 42 31
09 41 31
09 41 30
07 42 31
10 41 31
13 39 31
15 37 31
07 39 31
12 38 31
15 37 31
15 38 32
16 41 32
15 39 33
16 39 34
16 42 33
17 44 33
17 43 33
16 42 33
15 41 32
13 40 32
12 41 33
11 42 34
08 44 34
05 43 33
06 43 34
12 39 35
15 34 35
11 38 34
09 34 30
09 37 28
11 40 31
13 41 28
12 39 28
14 39 29
16 39 30
17 39 32
17 39 32
18 41 31
15 41 32
15 41 32
12 42 33
11 40 34
08 42 33
06 44 33
06 43 33
13 41 34
18 41 35
16 39 34
10 40 33
14 39 32
16 41 32
16 40 33
16 42 33
15 44 33
13 43 32
14 43 32
14 42 31
15 42 32