13 40 28
14 39 29
12 40 30
13 40 31
14 40 29
15 40 31
14 40 31
12 41 30
12 40 31
12 43 33
14 42 35
16 41 36
15 42 36
14 41 35
05 41 35
08 40 35
11 37 36
14 38 36
16 40 36
15 40 36
16 40 36
16 40 37
15 40 37
15 40 36
16 40 35
14 40 35
16 39 36
18 40 34
14 40 34
14 42 34
13 42 34
12 42 32
12 42 32
12 42 31
09 42 31
09 43 32
10 43 32
13 41 31
14 40 31
13 42 33
12 40 34
12 38 33
12 39 31
13 40 30
12 40 30
15 39 29
15 40 30
14 41 32
16 40 31
18 41 31
16 41 33
14 41 33
14 39 32
12 40 33
10 40 31
05 42 29
09 42 31
16 44 35
19 41 33
16 38 33
11 39 31
06 38 32
13 39 33
14 40 35
16 41 36
15 39 35
16 40 37
16 40 39
16 41 36
16 44 35
16 42 34
16 42 32
13 41 31
12 41 33
12 42 34
10 43 35
04 43 35
05 41 35
13 43 35
12 40 35
10 44 31
09 40 31
11 38 31
13 39 33
14 39 32
14 39 32
15 38 31
16 38 32
17 40 33
18 38 33
17 40 33
16 40 34
14 40 35
13 40 34
11 40 35
04 41 32
06 42 32
17 39 35
19 39 37
14 42 34
11 42 33
12 41 34
15 40 35
16 39 37
18 40 37
16 39 37
16 41 37
16 41 37
16 41 37
15 42 37
15 42 37
13 41 36
12 40 37
10 40 37
07 43 36
06 44 34
04 44 35
12 41 33
15 37 35
14 40 32
13 39 32
14 39 31
15 41 31
16 40 31
17 39 31
15 38 31
15 38 30
16 41 31
15 40 32
15 39 31
14 40 32
13 40 33
12 40 32
12 40 32
06 42 30
07 41 30
13 40 30
16 39 31
11 40 33
06 34 29
09 35 30
13 43 31
13 41 32
16 40 31
16 41 33
16 43 31
17 44 31
16 42 30
17 41 29
18 41 30
14 42 30
14 42 30
13 43 28
11 44 29
10 45 29
10 45 31
11 45 31
13 44 34
12 44 35
13 44 34
13 42 35
13 38 36
13 41 33
14 37 30
15 40 28
14 41 31
14 41 29
16 38 28
17 38 26
15 39 27