07 42 34
08 40 35
10 41 34
14 41 34
17 41 35
17 40 38
20 42 38
17 43 38
18 41 38
18 42 39
17 44 40
19 45 41
17 42 40
17 44 40
15 43 38
10 44 35
06 45 35
09 47 35
14 46 35
15 44 32
15 44 31
15 44 31
15 43 31
16 42 31
15 40 31
15 42 32
14 42 31
15 43 31
14 42 31
14 42 31
15 41 29
15 42 29
15 42 29
15 43 28
16 42 28
16 40 27
17 40 26
12 41 25
08 44 24
14 45 27
15 45 28
12 41 30
10 40 29
12 44 32
13 44 33
14 41 32
15 40 32
14 41 33
15 40 34
14 41 34
14 40 34
15 39 34
14 39 34
15 39 32
12 39 31
06 38 31
04 40 32
10 39 35
14 40 34
14 44 34
14 42 34
14 44 35
15 41 36
15 42 37
14 41 37
13 40 36
13 42 36
13 40 35
15 40 34
14 38 36
14 39 35
13 40 35
15 39 35
14 40 35
10 40 35
10 38 35
11 41 33
10 41 33
08 40 33
11 38 33
13 38 32
12 40 32
13 38 32
12 37 32
15 38 32
15 39 31
15 38 31
14 40 31
14 41 32
15 40 32
15 42 32
14 41 34
13 40 33
14 41 36
16 41 35
15 41 36
15 40 35
12 41 35
12 39 33
12 39 34
06 38 31
05 39 30
10 38 33
14 37 34
17 37 32
14 36 33
10 36 32
12 35 32
15 37 33
16 37 34
15 38 35
16 39 35
13 39 35
13 39 36
12 41 36
13 39 38
13 40 37
14 38 36
13 38 36
11 38 35
10 38 35
09 38 33
06 38 31
05 36 31
09 35 30
14 33 29
15 31 29
11 32 28
10 35 26
12 35 27
14 34 28
13 33 29
13 36 29
14 36 29
15 36 30
14 36 28
13 36 30
13 37 29
11 36 29
08 37 29
10 36 30
12 36 33
11 36 31
12 33 32
12 34 30
12 34 30
11 37 33
12 38 34
13 38 34
13 37 34
12 37 34
14 39 34
14 39 34
15 39 34
15 39 34
15 41 34
14 40 34
16 40 34
14 39 34
12 42 33
09 41 32
08 41 32
06 43 31
03 41 30
10 38 31
15 40 32
14 39 31
11 39 29
12 39 28
14 41 26