12 38 32
12 38 32
11 36 32
07 37 31
02 38 29
08 35 29
11 37 29
09 37 29
07 34 27
09 36 28
10 36 28
14 34 26
15 33 28
16 33 28
18 33 30
15 33 30
16 34 30
14 36 30
13 35 32
13 38 30
10 38 30
05 39 29
01 35 26
03 41 28
09 40 29
15 38 30
15 36 30
12 37 31
12 35 30
14 35 34
14 38 35
14 37 33
13 39 33
13 38 33
12 37 33
12 38 33
12 38 34
12 41 34
12 40 32
12 37 32
11 38 31
10 35 31
07 36 32
07 36 32
11 36 31
14 34 31
14 35 33
12 33 31
10 32 30
12 33 29
12 36 30
13 35 31
11 36 30
11 37 30
13 37 30
12 36 29
11 36 29
13 35 29
12 36 30
11 35 31
10 36 30
08 37 29
10 40 32
11 38 32
11 36 32
10 37 33
09 37 33
09 36 34
07 38 31
08 35 33
08 35 33
11 32 32
14 32 33
13 32 33
17 32 33
16 31 34
16 31 33
14 33 34
12 39 33
12 38 33
12 37 33
07 37 31
04 42 31
05 38 28
09 35 26
13 36 30
15 36 30
12 34 30
13 32 30
14 35 30
12 36 31
11 37 31
10 35 30
11 34 28
11 35 28
10 35 32
12 36 31
11 34 32
11 32 31
12 32 30
11 32 30
11 33 31
12 32 31
15 37 32
13 38 33
13 37 33
11 37 30
11 36 31
12 39 30
13 40 31
12 40 33
13 39 32
12 39 33
13 37 33
12 38 33
11 36 33
12 36 34
11 33 34
11 33 34
11 33 33
11 32 34
11 33 34
12 33 33
12 34 33
12 32 33
13 34 33
11 34 33
11 35 33
12 35 32
13 35 32
13 35 33
13 35 33
12 36 33
13 35 33
13 36 32
11 37 32
11 35 32
12 35 31
12 35 32
11 36 32
11 36 32
11 36 32
12 36 32
11 36 32
10 36 31
12 37 31
12 37 30
12 36 32
12 36 30
11 36 31
13 37 31
12 37 32
11 36 32
12 37 32
12 36 31
12 37 31
12 37 32
12 37 33
12 37 32
11 37 31
11 37 33
14 37 32
14 38 31
13 37 33
12 38 34
12 38 35
13 38 35
12 35 35
12 37 34
12 38 34