15 34 31
15 32 33
07 39 35
02 56 35
04 46 27
09 33 29
13 38 37
14 45 36
10 45 30
13 44 28
16 42 28
18 37 27
19 40 27
18 41 28
17 39 29
18 37 28
17 35 28
17 34 29
14 36 30
10 38 31
06 38 29
05 38 29
05 41 30
07 42 32
11 40 33
11 38 33
11 40 31
10 37 33
11 38 32
12 40 31
13 39 34
13 41 31
13 38 31
15 39 32
14 39 33
15 38 32
13 37 32
14 38 33
13 36 32
10 36 32
06 36 32
05 36 31
11 36 31
13 37 30
15 38 32
13 38 30
10 36 30
11 38 30
14 40 30
14 41 31
15 42 31
14 42 31
14 40 30
14 40 30
13 40 31
14 39 31
13 39 32
13 39 32
12 38 31
11 36 29
10 37 30
13 37 32
14 34 31
14 36 32
11 35 32
11 35 32
11 37 31
11 38 31
13 38 31
13 37 32
12 38 33
14 39 33
14 39 33
14 39 32
12 39 34
12 39 33
11 37 32
05 38 31
03 38 31
09 37 29
13 37 30
13 39 31
12 38 31
11 36 28
11 35 26
14 34 27
15 34 28
14 35 28
14 34 29
14 35 29
15 35 31
13 35 31
12 37 31
13 37 30
13 38 31
12 38 31
09 39 31
06 38 31
02 37 28
06 38 29
11 40 31
16 39 32
17 35 31
13 37 32
13 37 31
13 38 32
13 38 32
12 36 32
12 36 33
13 37 33
12 36 33
12 37 31
14 37 31
14 37 31
16 37 32
15 36 32
13 35 33
08 34 30
06 36 31
08 35 29
12 35 29
13 35 30
13 37 30
10 36 28
10 36 29
12 37 29
14 37 30
16 39 31
15 38 30
14 37 29
13 36 30
14 35 29
11 36 28
11 36 29
11 35 30
06 33 28
06 35 28
11 35 30
13 37 32
14 35 32
13 32 31
12 30 31
11 32 32
12 34 33
13 34 33
13 35 33
14 35 32
13 38 32
14 38 32
15 38 32
14 39 31
12 40 31
13 39 32
12 39 31
08 38 32
04 39 32
07 37 31
11 36 31
13 38 31
12 38 30
12 37 29
11 37 29
13 36 28
14 36 28
16 38 30
17 37 30
15 37 30
15 38 29
14 37 30
13 37 30