13 38 42
06 38 39
04 37 40
01 37 39
09 38 37
15 39 35
14 43 32
14 41 29
14 40 28
14 41 28
13 42 28
13 40 29
12 40 29
12 39 29
12 38 31
13 38 31
12 38 32
10 37 33
11 35 33
11 36 34
13 36 34
10 35 34
08 34 34
11 35 35
12 38 36
12 38 36
11 37 37
12 36 37
14 39 37
16 39 37
17 40 37
18 39 36
17 38 37
16 39 38
15 39 38
15 39 39
12 40 40
02 34 35
02 37 33
04 35 34
06 36 33
10 35 32
10 33 30
11 32 30
14 32 31
16 33 31
16 34 30
18 33 30
15 34 31
14 34 32
15 36 31
15 35 32
14 37 33
14 37 32
12 38 32
12 37 33
13 37 34
10 38 33
05 39 34
04 39 35
11 38 36
11 37 32
11 35 29
10 34 30
11 38 31
10 37 30
12 37 29
14 38 29
15 37 29
15 36 30
15 36 31
15 36 31
13 37 32
12 35 32
12 36 32
13 36 33
11 36 33
08 37 33
05 37 35
11 39 36
11 38 36
09 38 34
08 35 33
12 35 33
14 36 35
15 36 33
14 36 32
16 36 32
15 36 31
15 36 31
16 35 31
14 36 31
12 35 30
10 36 31
10 38 30
06 35 31
08 36 31
12 37 34
13 38 35
08 36 35
09 36 36
10 38 37
15 38 36
16 37 35
17 36 35
16 40 35
16 37 35
15 38 37
14 39 38
13 39 38
10 38 39
07 41 39
04 39 37
00 35 36
02 35 37
10 35 36
13 36 34
10 35 31
07 36 31
10 35 32
12 34 32
13 37 33
15 37 32
17 37 32
16 36 32
17 37 32
16 35 31
16 38 32
15 35 33
11 37 33
11 37 32
07 36 33
04 37 34
07 37 35
14 37 39
16 39 38
13 37 36
08 35 35
10 35 34
15 33 35
16 35 35
17 36 35
16 37 36
16 39 37
14 39 37
14 37 38
13 38 37
11 37 38
09 37 38
08 38 38
05 35 35
01 38 37
05 35 36
13 38 35
12 36 33
08 37 32
11 36 33
12 39 31
14 38 30
14 39 30
16 39 30
16 38 30
17 38 31
17 39 31
15 39 31
13 39 32
10 40 31
10 41 32
06 42 33
04 41 36