14 49 37
14 47 36
14 45 37
13 43 36
10 45 37
10 52 38
14 46 38
15 42 38
16 38 37
14 40 39
12 40 38
13 41 35
13 40 37
15 36 38
15 37 37
14 37 38
14 37 35
14 39 33
18 40 33
18 40 35
17 42 35
17 43 35
13 45 34
06 49 33
06 56 33
11 54 38
14 42 35
16 47 34
18 47 34
18 44 32
17 43 34
19 43 34
19 43 34
19 42 33
18 39 33
14 40 35
11 39 35
08 35 32
05 38 30
05 40 30
09 41 30
04 44 32
07 47 33
16 46 36
19 43 36
16 42 35
13 40 33
16 40 31
16 39 31
18 38 34
18 39 35
19 39 35
17 40 35
18 40 35
18 38 37
17 40 36
15 40 35
12 42 37
10 44 36
08 45 36
04 47 35
05 45 37
10 45 37
13 41 35
14 40 35
13 39 34
14 40 34
13 41 35
14 42 34
14 41 33
13 41 33
14 40 34
12 40 34
13 39 33
12 41 31
10 41 33
09 40 33
10 39 34
09 40 34
10 39 33
16 38 33
20 38 35
18 38 36
17 40 35
17 40 36
16 40 36
17 41 35
16 40 35
16 41 36
13 41 36
14 42 35
13 42 37
13 42 36
09 41 36
07 44 37
08 45 37
06 46 36
07 45 36
09 44 37
16 42 33
12 42 33
10 42 32
05 39 32
09 38 34
10 37 32
13 37 32
13 39 32
14 40 31
15 38 32
17 39 32
16 39 33
15 38 33
15 39 33
13 39 34
10 40 35
13 40 35
13 40 35
12 40 37
10 40 37
11 39 36
14 40 34
16 41 34
16 40 35
16 42 34
12 44 35
11 42 36
13 42 36
13 42 36
12 44 37
11 44 38
07 44 36
03 46 37
06 44 37
09 43 34
09 41 36
09 39 35
10 41 34
09 39 34
09 39 34
12 39 33
14 39 32
13 39 31
15 37 32
18 38 32
18 38 33
18 38 32
16 40 32
16 40 33
12 42 33
11 41 34
12 41 34
13 40 36
10 43 38
08 41 36
09 39 36
13 41 37
13 41 36
14 42 36
13 42 37
13 43 35
14 45 38
13 44 37
13 42 37
11 45 38
09 45 37
04 45 37
03 46 37
06 44 36
10 42 36
09 40 35