13 38 31
13 40 31
13 40 32
13 40 32
13 39 32
13 40 32
14 40 31
13 40 32
14 39 32
13 40 32
14 40 31
14 41 31
14 41 32
14 42 31
15 42 32
15 40 32
15 40 31
17 41 30
17 38 29
16 43 31
13 41 32
11 41 35
12 41 38
14 42 33
15 45 32
16 46 32
19 45 31
20 47 31
17 51 34
18 45 36
19 47 37
19 48 40
18 47 38
17 47 38
21 49 40
22 49 39
23 48 39
22 48 41
25 49 42
27 49 43
26 50 46
25 49 45
25 49 46
25 50 49
26 46 50
29 45 51
31 45 50
31 42 50
34 43 53
35 40 52
37 39 52
37 40 53
38 39 54
39 39 53
39 39 52
39 41 52
38 42 51
36 41 50
37 42 53
35 40 53
36 40 52
37 41 51
37 41 51
37 40 53
36 38 51
38 40 53
39 42 53
38 42 51
39 44 50
39 42 49
37 43 49
39 45 49
37 45 49
31 45 49
35 47 49
37 43 47
40 44 48
39 46 48
39 45 48
38 44 46
39 45 48
37 45 48
35 45 48
34 45 49
36 42 48
39 39 52
41 38 53
43 36 51
39 35 53
35 39 55
29 45 54
33 43 50
33 43 49
35 44 51
33 42 48
34 40 47
35 41 46
33 42 48
34 41 49
35 41 53
36 39 54
39 40 52
39 40 53
38 40 51
38 41 51
37 42 51
37 42 49
36 40 51
35 41 52
36 42 51
36 43 50
37 42 51
35 41 51
37 41 51
38 40 51
38 41 51
38 42 50
40 43 51
38 42 51
38 41 50
38 40 50
37 41 50
36 40 51
37 40 51
38 40 51
37 42 50
37 41 50
37 42 50
37 41 51
39 41 51
37 43 50
38 42 51
37 41 50
37 42 50
38 41 51
37 42 51
37 41 50
38 41 51
37 42 50
37 41 50
38 41 52
38 42 50
38 42 50
38 42 50
36 42 51
37 42 51
38 41 50
39 40 51
38 41 51
38 40 50
37 42 51
38 42 50
39 41 50
38 41 50
38 42 50