00 42 35
05 39 37
09 37 37
08 35 36
10 31 37
11 31 38
13 34 39
14 38 41
15 40 42
16 40 41
15 37 42
14 37 40
12 34 38
10 36 39
08 34 37
09 35 35
06 37 33
06 37 35
07 36 33
12 38 34
13 38 33
09 38 32
08 35 31
11 34 30
13 34 31
13 37 32
14 36 33
15 36 31
14 37 33
12 37 32
10 37 32
06 36 32
01 36 32
00 35 31
01 36 33
04 36 33
10 33 33
15 35 36
15 36 36
13 36 36
16 35 34
18 36 34
21 35 35
21 36 35
21 37 37
20 37 35
19 37 36
15 36 35
11 37 36
08 37 35
05 34 36
04 37 38
02 37 37
01 36 38
09 36 38
10 35 34
12 34 32
12 33 32
14 34 32
18 34 33
17 36 32
19 36 32
20 35 31
19 37 31
17 36 32
12 36 31
07 36 31
02 36 30
00 35 30
00 35 31
02 37 32
02 37 33
10 36 35
17 35 35
16 36 33
19 34 32
19 35 33
20 34 35
20 38 36
20 38 35
22 38 35
18 38 35
15 38 35
12 37 37
09 37 37
06 37 35
05 37 38
00 39 37
00 38 36
00 37 37
11 36 39
19 36 37
15 37 33
13 37 33
13 35 32
15 32 31
16 35 32
18 35 31
19 36 32
17 37 31
14 37 31
10 36 31
06 35 30
02 36 30
03 35 30
02 38 31
04 34 30
06 36 32
13 36 35
17 36 34
15 36 34
16 33 33
17 36 33
19 36 34
20 38 33
20 38 35
17 38 35
16 37 34
12 36 34
09 36 36
05 37 34
04 36 35
03 37 35
02 37 34
01 37 34
11 32 34
16 31 34
16 34 32
14 33 30
12 33 31
15 32 31
18 34 32
19 35 32
19 35 32
19 36 32
15 36 33
12 34 33
09 36 32
07 35 32
01 36 31
00 36 30
00 37 32
01 36 31
05 33 30
10 33 32
16 33 33
16 34 32
19 35 30
18 34 32
20 34 32
20 34 32
21 37 34
20 38 32
18 39 32
15 39 33
13 38 32
11 39 33
06 40 35
05 38 37
02 41 37
00 40 39
05 37 40
13 37 38
15 36 37
12 34 35
11 34 32
12 34 33
15 34 34
15 35 35
16 37 35
17 36 35
15 37 32
14 35 31
11 35 31
07 34 31
04 35 30
03 37 30
05 38 31
04 38 32
06 37 32
11 36 32
14 38 33
14 36 31
14 37 31
16 37 32
17 38 31
20 38 32
18 38 32
19 40 32
18 40 33
16 39 32
14 38 33
10 37 35
07 39 35
05 38 36
05 37 39
01 37 39
01 36 38
10 38 37
19 38 37
16 37 34
13 37 31
10 36 28
09 36 28
12 35 28
14 36 30
15 37 30
15 38 30
15 37 32
13 36 31
10 36 32
07 38 33
06 38 33
05 38 31
06 38 31
06 41 32
07 41 29
12 40 31
16 42 35
16 42 34
17 41 32
18 39 32
19 40 32
18 41 33
19 40 33
20 41 33
17 42 33
15 40 33
10 39 34
08 39 35
04 42 37
06 44 37
05 46 34
02 43 34
08 41 35
13 42 33
13 40 33
12 40 31
11 37 28
12 36 30
14 36 30
16 36 29
19 35 29
20 35 30
20 37 30
18 36 29
15 37 29
12 35 29
07 36 29
03 36 30