20 36 35
20 36 34
22 37 34
20 38 34
16 40 33
12 41 34
08 41 34
07 42 35
05 42 34
04 43 33
05 42 33
04 41 34
05 41 33
09 39 32
13 40 32
15 38 32
12 37 32
13 39 33
17 38 33
19 36 32
21 36 32
20 35 33
18 34 33
18 34 32
14 35 32
10 37 31
08 37 30
03 35 30
03 35 33
02 34 31
03 34 31
02 36 33
08 34 34
15 32 33
17 32 33
16 34 33
17 36 34
18 35 36
18 33 34
19 36 35
22 36 34
19 36 35
19 36 35
16 37 34
12 37 34
09 38 34
07 38 33
07 38 35
09 37 35
07 40 35
08 41 34
04 39 34
02 39 33
05 39 33
11 39 35
12 38 33
13 39 32
13 40 33
15 37 32
18 36 32
19 36 32
20 37 32
20 37 32
20 37 32
17 36 31
16 37 31
13 36 31
11 37 31
07 36 31
06 36 32
04 36 31
02 36 33
01 38 32
02 36 33
06 37 34
13 35 33
16 35 33
18 36 33
17 36 34
19 35 34
20 37 33
19 38 34
20 38 34
19 37 34
17 35 34
15 36 35
15 36 33
12 38 33
11 36 33
12 38 33
09 37 35
09 37 33
10 37 34
05 38 33
01 37 35
00 40 33
03 39 34
10 38 35
13 37 34
15 37 32
15 39 33
17 38 32
17 37 32
19 35 31
17 34 32
19 35 31
18 36 31
17 36 30
15 36 29
11 35 31
11 35 29
09 35 31
10 37 31
09 35 34
05 35 32
04 37 31
04 35 31
06 36 33
10 34 33
14 32 34
16 32 33
18 33 33
16 34 33
18 36 34
18 36 34
18 35 33
17 36 35
17 36 34
17 37 34
17 36 34
16 37 34
14 37 35
12 37 34
11 37 35
11 38 35
09 38 34
05 38 33
04 38 34
03 38 33
02 40 33
06 39 33
12 37 32
14 37 33
14 36 33
15 36 32
16 37 31
17 36 31
16 37 32
16 36 31
16 36 32
16 35 31
16 34 31
12 36 31
12 35 29
12 36 28
13 36 30
13 35 32
14 35 32
14 36 31
14 36 32
10 35 31
11 38 32
10 39 34
08 39 34
07 40 35
09 37 36
11 37 35
14 34 37
15 35 35
15 34 34
15 35 33
14 34 35
13 35 36
11 36 36
12 36 36
13 37 36
14 36 36
15 36 36
14 35 39
14 38 38
14 39 38
13 40 37
13 40 36
14 39 36
15 37 35
14 36 35
10 38 34
10 37 33
10 36 33
12 39 33
11 38 33
13 37 34
12 39 34
16 38 36
16 36 35
14 36 35
13 35 35
11 33 36
08 32 34
07 32 32
09 35 32
12 35 32
13 37 32
14 37 31
15 36 33
14 35 32
13 37 32
12 38 32
10 38 32
12 39 31
12 39 32
11 37 32
12 38 34
13 39 34
13 37 33
13 39 35
15 38 35
15 37 35
13 38 35
12 38 35
12 38 36
11 38 35
11 37 34
12 39 34
12 39 34
13 37 35
13 37 35
12 37 35
13 37 34
13 36 33
12 36 33
11 36 32
10 37 33
13 38 35
15 40 33
14 34 40
14 35 45
14 38 38
15 41 36
14 42 35
14 42 35
14 40 35
14 41 37
13 40 36
13 40 36
13 41 35
13 40 36
14 41 36
13 42 35
12 42 35