09 43 35
08 44 35
03 43 35
00 38 34
00 34 35
00 35 33
04 37 35
13 35 35
16 36 36
14 37 34
10 36 32
16 34 33
16 34 34
18 37 33
23 37 34
23 37 35
23 40 35
23 39 35
16 41 35
11 37 35
04 39 33
03 37 35
03 37 37
00 40 37
02 38 38
10 38 36
10 35 33
10 35 31
10 37 30
10 34 30
12 33 30
14 34 31
17 37 30
19 35 31
19 37 30
19 38 31
18 36 31
14 37 30
09 36 32
05 37 32
03 37 31
01 37 32
02 34 31
07 35 31
12 37 36
14 36 35
14 37 33
18 36 34
16 36 34
18 37 35
18 39 34
19 38 34
16 37 34
16 37 37
13 37 37
11 38 37
07 39 40
04 37 38
03 35 39
02 37 38
01 37 37
04 35 37
15 34 36
15 36 33
14 38 31
13 36 31
13 33 29
15 32 30
17 36 30
18 34 32
20 37 33
19 37 32
19 35 32
14 35 32
10 37 32
03 37 31
00 35 31
00 36 31
01 37 32
02 36 32
02 35 31
10 36 34
16 33 35
16 34 33
14 35 31
15 37 32
17 37 34
18 38 34
19 38 34
21 38 34
20 38 33
18 36 34
15 37 35
09 36 35
05 38 35
05 38 37
04 39 39
00 39 38
00 34 37
10 36 38
16 35 35
12 35 32
09 36 32
12 35 31
12 32 33
14 34 32
15 36 32
17 36 31
18 36 32
17 36 31
15 36 32
14 37 30
09 37 30
07 39 30
04 38 31
02 42 31
03 43 31
10 41 33
12 41 33
14 40 33
15 39 33
18 37 33
20 37 33
21 37 33
21 38 32
21 40 33
19 39 33
16 39 31
11 40 30
11 38 31
08 39 31
04 41 32
04 41 34
03 40 36
01 41 38
02 39 39
12 37 38
13 39 38
11 37 35
10 35 35
10 34 34
13 33 32
14 35 32
16 35 33
18 35 33
17 36 32
17 36 32
17 36 33
13 37 32
10 37 32
07 38 31
05 37 32
03 38 31
05 38 31
08 38 33
12 37 34
12 36 32
14 35 32
16 36 32
16 38 33
19 37 33
19 40 34
18 37 32
17 37 32
17 37 32
14 39 34
12 38 32
09 38 33
06 37 35
04 38 36
04 37 37
01 39 39
02 38 40
11 37 40
12 36 38
10 36 36
08 35 35
11 34 35
12 34 35
16 35 34
16 36 33
18 36 32
18 36 34
17 36 33
17 36 33
16 36 32
13 37 32
08 36 32
06 36 32
07 38 32
03 38 32
03 37 31
05 38 33
12 36 34
13 36 34
14 35 34
17 34 34
17 36 36
19 37 35
20 37 36
19 38 35
16 38 35
15 36 36
13 39 37
12 37 38
10 37 39
06 37 39
04 35 39
04 36 38
03 35 37
00 37 38
05 36 38
14 34 37
14 35 34
11 36 33
12 34 32
14 32 32
15 35 32
17 35 32
19 36 32
17 36 30
16 35 32
15 35 30
13 36 30
09 36 31
05 36 31
05 36 31
03 37 30
01 36 31
05 35 33
11 35 35
12 35 34
12 36 35
14 35 34
16 35 36
16 35 38
16 37 38
19 37 38
19 37 38
18 37 36
17 35 37
15 34 37
13 34 37
10 34 36
07 36 37
05 35 37
04 36 37
02 38 35
00 36 36
08 37 38