18 31 35
19 32 36
18 34 35
17 34 33
17 34 32
16 34 31
14 35 32
13 36 33
13 35 34
11 34 35
07 37 35
07 36 35
06 38 36
02 38 37
01 38 34
05 38 36
11 38 35
13 36 33
11 37 32
15 38 33
15 36 33
15 37 32
16 37 30
15 35 30
15 34 32
14 37 31
14 35 30
13 35 32
13 36 31
12 37 31
09 36 32
05 36 31
05 35 32
01 34 31
01 34 31
07 34 34
13 34 36
15 37 36
15 35 34
16 37 34
17 37 35
18 37 35
19 36 34
18 35 35
18 36 34
17 36 35
16 36 35
13 35 35
11 37 35
11 37 35
08 34 35
08 35 35
06 35 34
06 36 35
03 36 35
03 36 36
07 37 35
10 37 34
10 35 33
12 33 33
13 33 33
13 34 33
15 35 32
17 36 32
19 36 32
18 36 32
19 36 33
18 36 33
15 36 31
11 37 31
08 36 32
06 36 32
05 37 33
02 36 33
00 34 32
06 33 32
13 34 36
12 32 35
14 32 33
18 33 33
20 33 35
22 33 33
20 33 33
18 31 33
15 34 32
16 37 33
14 35 34
11 34 34
11 33 36
09 36 35
09 37 36
07 37 35
06 37 36
05 36 36
04 36 36
07 36 36
09 35 34
10 34 34
11 35 33
11 35 33
13 35 33
14 36 34
13 35 33
15 35 33
16 37 32
17 36 31
17 36 32
17 37 31
14 36 33
14 37 30
10 36 32
05 35 31
05 35 32
05 37 32
03 37 33
01 37 33
06 37 33
12 35 35
13 34 33
15 35 32
17 35 32
17 37 34
17 36 34
19 37 33
20 36 33
18 37 32
18 37 35
15 34 36
12 33 37
11 38 36
09 39 37
07 36 36
06 38 35
04 36 35
02 37 35
03 37 35
07 36 33
08 35 32
10 34 33
12 34 33
13 37 33
16 37 32
17 36 32
17 34 33
18 35 32
17 36 31
15 35 32
15 37 32
13 36 33
11 36 32
10 34 31
06 36 33
02 33 31
01 34 32
06 34 32
13 35 36
12 35 36
14 34 34
13 35 33
16 35 35
20 36 34
20 35 34
19 36 32
18 37 33
16 36 34
13 36 34
11 36 35
08 37 36
05 37 36
07 37 35
06 37 36
06 37 36
08 37 34
11 36 33
13 35 33
12 35 33
13 35 31
13 35 30
14 34 32
15 35 31
15 35 31
13 36 32
12 35 31
13 35 32
10 35 32
09 36 32
07 35 32
05 35 31
05 34 32
05 34 31
07 35 31
14 34 34
15 33 33
15 35 32
16 34 33
17 35 33
18 35 34
19 34 36
18 33 35
17 34 35
14 35 35
12 35 35
12 35 35
09 36 35
08 36 36
07 35 35
05 36 35
06 37 35
05 37 36
04 37 35
08 36 34
12 33 34
13 36 32
14 33 32
13 35 32
16 34 30
14 34 31
15 33 31
16 34 30
15 34 32
13 35 31
12 34 31
10 34 31
04 31 31
03 30 30
05 31 31
05 34 33
04 35 32
10 33 31
15 32 33
14 32 32
12 33 30
15 32 32
17 33 34
17 36 35
17 36 35
18 34 34
16 33 35
17 34 35
14 32 35
12 32 35
09 33 35
07 34 35
06 32 35
06 33 35
05 33 35
01 32 35
06 30 34
15 31 34
13 30 33