31 44 52
30 46 52
31 43 50
32 44 52
31 45 52
30 43 50
31 40 51
31 39 51
30 39 50
30 39 50
30 40 50
31 39 52
30 39 51
30 39 52
30 38 52
31 38 53
31 37 52
32 37 52
31 36 53
30 37 52
29 36 52
29 36 53
29 36 52
30 36 52
29 36 54
19 40 63
29 35 50
29 37 53
31 34 52
29 33 49
29 31 50
29 31 52
29 31 52
28 33 52
28 34 52
29 36 54
31 35 52
31 38 53
33 33 54
32 37 54
32 34 54
32 36 54
30 35 52
32 35 53
30 34 52
31 36 51
32 33 52
30 34 51
29 35 52
28 35 51
30 36 50
31 36 51
30 35 51
31 38 48
30 43 46
33 43 45
32 47 43
32 48 45
33 50 47
33 51 45
34 52 50
34 49 51
36 49 51
33 48 52
33 45 50
32 45 50
32 47 50
33 45 48
29 42 48
31 47 48
28 45 46
29 48 44
27 49 44
29 49 46
29 49 45
33 48 44
31 49 45
32 47 44
31 48 45
31 49 44
32 48 46
31 48 47
30 49 48
29 48 47
30 48 46
29 47 47
29 48 47
28 50 49
28 52 50
31 51 50
33 49 48
33 49 46
31 48 47
33 45 48
35 45 47
35 43 47
33 44 46
34 42 45
33 42 46
33 40 47
32 41 47
31 41 48
30 39 47
30 39 48
29 40 49
30 41 49
28 41 50
27 40 50
28 41 51
27 39 51
26 39 52
27 39 51
26 38 51
25 38 51
25 38 51
24 36 51
23 37 50
23 37 50
24 38 50
23 37 51
23 36 51
23 36 51
22 36 51
21 36 50
22 35 50
24 35 50
22 35 51
22 34 49
21 35 50
21 35 49
23 35 51
22 35 50
21 36 49
22 34 50
21 35 50
22 34 50
20 34 49
20 35 50
21 34 50
20 34 49
21 34 49
20 33 49
21 34 50
21 34 50
21 34 49
21 33 50
20 34 49
21 33 50
21 33 48
21 34 49
20 34 49
20 33 49
20 32 49
21 33 50
21 32 49
21 33 49
20 32 50
21 33 50
21 33 50
20 34 49
21 34 48
21 33 49
21 33 49
20 33 49
21 33 50
20 31 50
20 32 49
20 31 49
20 32 49
21 33 49
21 32 50
21 35 49
21 33 49
21 33 49
20 33 49
20 32 48
21 33 50
20 33 50
21 34 49
20 33 49
21 33 49
21 33 49
20 32 48
21 33 50
21 33 49
20 32 49
21 33 48
20 33 49
20 32 50
19 32 49
20 32 50
20 32 49
20 34 48
20 33 49
21 32 49
19 32 50
20 32 48
20 33 49
20 33 48
22 32 50
21 31 49
21 32 50
20 32 49
20 32 49
20 33 49
21 32 49
20 33 50
20 32 49
20 32 49
20 31 49
20 31 49
20 32 49
21 33 49
20 33 49
21 32 49
20 33 49
20 33 49
20 33 50
19 32 48
20 32 50
21 31 49
20 33 49
20 32 49
22 32 48
20 32 50
20 30 49
20 32 49
20 33 49
20 31 49
20 32 49
19 32 49
20 32 49
22 33 49
21 32 49
19 32 49
21 33 49
21 33 49
20 33 49
20 31 48
20 32 49
20 30 49
21 33 49
22 33 48
20 33 48
21 32 49
20 32 49
21 32 49
20 33 49
21 32 49
21 32 49
22 32 50
21 31 50
20 31 49
21 32 49
21 33 50
22 34 49
20 31 48
20 32 49
20 31 49
20 32 49
20 33 49
21 31 50
20 32 49
21 32 49
21 32 49
20 32 48
20 32 49
19 31 49
20 31 49
21 31 49
21 30 49
21 33 49
21 33 48
21 32 48
22 33 48
21 32 50
20 32 50
21 33 48
20 32 49
22 32 50
19 31 48
21 32 49
21 32 49
20 32 49
18 32 50
21 33 49
20 32 49
20 33 49
21 31 49
20 33 49
21 32 49
20 33 49
20 32 49
19 32 49
20 32 49
20 33 49
21 34 49
22 32 49
21 32 48
22 32 49
21 34 49
21 32 49
21 32 49
20 33 49
20 33 49
20 31 50
22 33 50
21 33 50
21 33 49
21 32 49
21 33 50
21 33 50
20 33 49
20 33 50
21 32 50
21 34 49
22 33 49
22 34 49
21 35 50
22 34 49
21 34 48
21 33 49
21 34 50
20 33 49
21 33 49
21 33 50
22 32 50
21 32 50
21 34 49
20 33 49
21 32 50
20 33 49
21 33 49
22 33 49
20 33 50
20 32 49
20 33 49
20 32 48
21 33 49
21 33 50
20 32 49
20 31 49
20 32 49
21 33 49
21 32 48
21 33 48
21 32 49
19 32 49
21 31 50
20 32 49
19 33 49
20 33 49
20 32 50
20 32 49
20 32 49
21 32 49
21 33 49
20 32 50
21 32 49
21 32 48
20 32 49
20 33 49
21 33 49
20 32 49
20 33 49